## htsjdk.samtools.metrics.StringHeader
# picard.analysis.CollectInsertSizeMetrics HISTOGRAM_FILE=alignment_metrics/lice83_insert_size_histogram.pdf INPUT=lice83.sorted.bam OUTPUT=alignment_metrics/lice83_insert_metrics.txt    DEVIATIONS=10.0 MINIMUM_PCT=0.05 METRIC_ACCUMULATION_LEVEL=[ALL_READS] INCLUDE_DUPLICATES=false ASSUME_SORTED=true STOP_AFTER=0 VERBOSITY=INFO QUIET=false VALIDATION_STRINGENCY=STRICT COMPRESSION_LEVEL=5 MAX_RECORDS_IN_RAM=500000 CREATE_INDEX=false CREATE_MD5_FILE=false GA4GH_CLIENT_SECRETS=client_secrets.json
## htsjdk.samtools.metrics.StringHeader
# Started on: Fri Sep 29 01:37:19 PDT 2017

## METRICS CLASS	picard.analysis.InsertSizeMetrics
MEDIAN_INSERT_SIZE	MEDIAN_ABSOLUTE_DEVIATION	MIN_INSERT_SIZE	MAX_INSERT_SIZE	MEAN_INSERT_SIZE	STANDARD_DEVIATION	READ_PAIRS	PAIR_ORIENTATION	WIDTH_OF_10_PERCENT	WIDTH_OF_20_PERCENT	WIDTH_OF_30_PERCENT	WIDTH_OF_40_PERCENT	WIDTH_OF_50_PERCENT	WIDTH_OF_60_PERCENT	WIDTH_OF_70_PERCENT	WIDTH_OF_80_PERCENT	WIDTH_OF_90_PERCENT	WIDTH_OF_99_PERCENT	SAMPLE	LIBRARY	READ_GROUP
227	84	2	2577492	256.118255	140.919062	14274128	FR	33	67	99	133	169	207	251	313	443	967			

## HISTOGRAM	java.lang.Integer
insert_size	All_Reads.fr_count
2	334
3	1031
4	4726
5	610
6	83
7	98
8	96
9	222
10	95
11	104
12	92
13	125
14	163
15	209
16	252
17	259
18	258
19	22521
20	19646
21	14276
22	14773
23	9252
24	9175
25	12163
26	9063
27	8452
28	7734
29	6781
30	5556
31	5035
32	10497
33	6809
34	8345
35	11573
36	4417
37	9379
38	7854
39	4035
40	3521
41	3561
42	5649
43	3866
44	4064
45	4648
46	4521
47	5105
48	5400
49	5863
50	5706
51	5750
52	7092
53	6217
54	6471
55	6814
56	7448
57	8015
58	8522
59	9280
60	9658
61	9889
62	9957
63	10146
64	10746
65	11049
66	11972
67	12720
68	13259
69	14256
70	14764
71	15039
72	15139
73	15688
74	15797
75	16749
76	16977
77	18156
78	19170
79	20353
80	20662
81	21596
82	21468
83	21914
84	22027
85	23210
86	23952
87	24403
88	25359
89	26561
90	27389
91	28372
92	28215
93	28748
94	28936
95	29711
96	30002
97	30573
98	31866
99	32533
100	34075
101	34772
102	35015
103	35564
104	35472
105	35470
106	35579
107	36041
108	37841
109	39116
110	39624
111	40932
112	40863
113	41996
114	41769
115	40850
116	41229
117	41777
118	42417
119	43857
120	43987
121	44932
122	44953
123	45676
124	46159
125	45859
126	45315
127	45297
128	45465
129	47461
130	47203
131	47724
132	48247
133	49078
134	49347
135	48568
136	48659
137	47925
138	48163
139	49657
140	49448
141	50199
142	50257
143	50432
144	50699
145	49912
146	50387
147	50111
148	49696
149	49833
150	50481
151	50805
152	50599
153	52368
154	52176
155	51191
156	51029
157	50894
158	50946
159	50624
160	50289
161	51269
162	51371
163	51397
164	51397
165	51228
166	51018
167	50945
168	50862
169	50366
170	50533
171	50361
172	51365
173	50965
174	51359
175	50874
176	50731
177	50774
178	50339
179	49921
180	50016
181	49863
182	50173
183	50175
184	50564
185	50112
186	50093
187	49868
188	49566
189	49287
190	48762
191	48561
192	48766
193	49040
194	49066
195	48834
196	48879
197	48325
198	48026
199	47466
200	47710
201	47409
202	47638
203	47454
204	47526
205	46606
206	47196
207	47067
208	46634
209	46834
210	45910
211	46063
212	46189
213	45666
214	45611
215	45204
216	45263
217	46324
218	44999
219	45251
220	44574
221	44961
222	44412
223	44024
224	44258
225	43931
226	43721
227	44091
228	43924
229	43533
230	42865
231	42637
232	42596
233	42944
234	42160
235	42371
236	41893
237	41977
238	42304
239	41631
240	41417
241	41403
242	40695
243	40686
244	40663
245	40396
246	39820
247	39492
248	40006
249	39883
250	39558
251	39032
252	38917
253	39058
254	38229
255	38612
256	38027
257	38447
258	37800
259	38000
260	37795
261	37482
262	37349
263	37102
264	36743
265	36594
266	36228
267	36957
268	36367
269	35948
270	35625
271	35722
272	35601
273	35840
274	34890
275	35055
276	35221
277	35028
278	34198
279	34329
280	34371
281	33863
282	34238
283	33629
284	33375
285	33637
286	33279
287	33138
288	32675
289	32715
290	32507
291	32418
292	32166
293	32018
294	32008
295	31663
296	31474
297	31309
298	31440
299	31167
300	30839
301	30938
302	30998
303	30347
304	30027
305	30081
306	29876
307	29874
308	29521
309	29397
310	29029
311	29079
312	28575
313	28892
314	28750
315	28462
316	28293
317	28139
318	28249
319	28006
320	27522
321	27443
322	27361
323	27349
324	26669
325	26945
326	27015
327	26632
328	26662
329	26272
330	25897
331	25803
332	25667
333	25679
334	25190
335	25256
336	25572
337	25113
338	25089
339	25078
340	24792
341	24263
342	24238
343	24432
344	23873
345	23934
346	23571
347	23691
348	23384
349	23267
350	23157
351	22846
352	22904
353	22999
354	22838
355	22134
356	22134
357	22447
358	22050
359	21923
360	21918
361	21373
362	21392
363	21340
364	21132
365	21426
366	21060
367	20642
368	20861
369	20744
370	20378
371	20262
372	20361
373	20137
374	19894
375	19779
376	19559
377	19184
378	19315
379	19173
380	19059
381	18961
382	19135
383	18696
384	18480
385	18565
386	18676
387	18136
388	18091
389	17981
390	17848
391	17716
392	17513
393	17620
394	17296
395	17045
396	17110
397	16813
398	16918
399	16730
400	16676
401	16385
402	16477
403	16156
404	16024
405	15983
406	15931
407	15833
408	15773
409	15640
410	15421
411	15505
412	15134
413	14926
414	14694
415	14686
416	14819
417	14812
418	14774
419	14385
420	14299
421	14346
422	13994
423	13912
424	13927
425	13863
426	13662
427	13726
428	13558
429	13409
430	13148
431	13243
432	13180
433	12991
434	13203
435	12837
436	12692
437	12598
438	12420
439	12437
440	12320
441	11931
442	12297
443	12041
444	12112
445	12271
446	11699
447	11660
448	11666
449	11677
450	11429
451	11610
452	11215
453	11098
454	11240
455	10941
456	11046
457	10966
458	11066
459	10748
460	10707
461	10648
462	10658
463	10599
464	10183
465	10345
466	10053
467	10248
468	10203
469	10107
470	9855
471	9886
472	9865
473	9686
474	9637
475	9489
476	9531
477	9368
478	9127
479	9302
480	9309
481	9106
482	8960
483	8940
484	8777
485	8804
486	8686
487	8562
488	8919
489	8413
490	8655
491	8458
492	8278
493	8271
494	8165
495	8212
496	8033
497	7879
498	7947
499	7781
500	8008
501	7670
502	7533
503	7518
504	7512
505	7407
506	7347
507	7473
508	7243
509	7158
510	7091
511	7104
512	7151
513	7012
514	6776
515	6901
516	6958
517	6748
518	6780
519	6696
520	6703
521	6870
522	6659
523	6426
524	6618
525	6288
526	6503
527	6127
528	6092
529	5991
530	6211
531	6185
532	6026
533	6063
534	5935
535	5817
536	5895
537	5735
538	5689
539	5594
540	5801
541	5658
542	5495
543	5297
544	5414
545	5323
546	5406
547	5335
548	5387
549	5219
550	5241
551	5148
552	5095
553	5031
554	4887
555	4946
556	5094
557	4962
558	5025
559	4915
560	4750
561	4656
562	4794
563	4621
564	4726
565	4640
566	4530
567	4668
568	4523
569	4548
570	4496
571	4449
572	4293
573	4477
574	4353
575	4240
576	4026
577	4221
578	4102
579	4099
580	4010
581	4096
582	3941
583	3983
584	3942
585	3930
586	3817
587	3844
588	3896
589	3774
590	3598
591	3653
592	3610
593	3646
594	3593
595	3516
596	3538
597	3546
598	3576
599	3334
600	3472
601	3378
602	3282
603	3288
604	3351
605	3252
606	3362
607	3276
608	3104
609	3190
610	3274
611	3192
612	3093
613	3118
614	2919
615	3003
616	2991
617	2927
618	3009
619	2898
620	2867
621	2918
622	2810
623	2825
624	2728
625	2843
626	2644
627	2676
628	2561
629	2571
630	2660
631	2582
632	2568
633	2625
634	2591
635	2579
636	2493
637	2534
638	2387
639	2381
640	2459
641	2489
642	2411
643	2273
644	2312
645	2358
646	2302
647	2259
648	2381
649	2313
650	2152
651	2197
652	2075
653	2236
654	2128
655	2150
656	2066
657	1977
658	2042
659	2058
660	2052
661	1974
662	1971
663	2044
664	2005
665	1946
666	1997
667	1908
668	1884
669	1876
670	1934
671	1875
672	1811
673	1853
674	1720
675	1752
676	1806
677	1767
678	1725
679	1688
680	1592
681	1570
682	1696
683	1656
684	1621
685	1598
686	1485
687	1494
688	1606
689	1579
690	1523
691	1555
692	1443
693	1513
694	1491
695	1545
696	1447
697	1388
698	1474
699	1431
700	1519
701	1458
702	1335
703	1401
704	1418
705	1341
706	1343
707	1335
708	1342
709	1281
710	1324
711	1255
712	1319
713	1280
714	1220
715	1263
716	1265
717	1167
718	1220
719	1210
720	1234
721	1082
722	1161
723	1203
724	1141
725	1155
726	1158
727	1072
728	1069
729	1107
730	1097
731	1076
732	1018
733	1046
734	1066
735	1078
736	1007
737	1032
738	980
739	1028
740	980
741	969
742	1015
743	948
744	940
745	956
746	966
747	937
748	931
749	942
750	895
751	860
752	898
753	845
754	862
755	904
756	799
757	881
758	842
759	830
760	923
761	821
762	832
763	791
764	810
765	754
766	788
767	843
768	734
769	713
770	761
771	703
772	706
773	714
774	751
775	705
776	745
777	718
778	678
779	711
780	752
781	651
782	680
783	694
784	745
785	649
786	673
787	703
788	636
789	640
790	642
791	590
792	643
793	622
794	583
795	609
796	608
797	618
798	585
799	609
800	582
801	569
802	592
803	539
804	546
805	570
806	567
807	530
808	510
809	584
810	541
811	510
812	536
813	474
814	500
815	531
816	485
817	526
818	498
819	473
820	491
821	506
822	515
823	499
824	459
825	442
826	464
827	519
828	505
829	481
830	449
831	446
832	459
833	442
834	454
835	444
836	395
837	478
838	396
839	379
840	413
841	438
842	410
843	420
844	390
845	416
846	373
847	359
848	360
849	368
850	360
851	393
852	359
853	351
854	324
855	362
856	351
857	268
858	293
859	344
860	329
861	289
862	294
863	273
864	267
865	265
866	256
867	254
868	255
869	271
870	243
871	260
872	238
873	268
874	222
875	273
876	228
877	231
878	244
879	218
880	223
881	220
882	230
883	246
884	203
885	219
886	239
887	198
888	214
889	219
890	191
891	202
892	202
893	193
894	210
895	173
896	209
897	174
898	201
899	192
900	202
901	168
902	197
903	162
904	190
905	183
906	197
907	178
908	190
909	171
910	177
911	150
912	178
913	141
914	155
915	173
916	142
917	190
918	157
919	134
920	147
921	160
922	153
923	158
924	130
925	145
926	140
927	152
928	148
929	140
930	120
931	150
932	131
933	160
934	151
935	141
936	129
937	124
938	126
939	119
940	109
941	125
942	119
943	101
944	118
945	111
946	123
947	131
948	124
949	113
950	119
951	114
952	111
953	94
954	116
955	112
956	118
957	115
958	95
959	89
960	101
961	112
962	99
963	95
964	85
965	114
966	120
967	96
968	125
969	89
970	93
971	96
972	99
973	97
974	88
975	83
976	94
977	91
978	72
979	79
980	92
981	94
982	81
983	90
984	83
985	79
986	68
987	72
988	60
989	72
990	68
991	77
992	74
993	69
994	70
995	78
996	72
997	67
998	81
999	73
1000	57
1001	68
1002	79
1003	75
1004	58
1005	63
1006	53
1007	71
1008	57
1009	56
1010	69
1011	62
1012	66
1013	65
1014	56
1015	70
1016	68
1017	56
1018	58
1019	55
1020	57
1021	44
1022	57
1023	57
1024	46
1025	59
1026	62
1027	42
1028	51
1029	52
1030	47
1031	37
1032	37
1033	43
1034	51
1035	46
1036	49
1037	50
1038	44
1039	47
1040	42
1041	57
1042	42
1043	37
1044	35
1045	42
1046	41
1047	43
1048	36
1049	52
1050	35
1051	36
1052	37
1053	50
1054	35
1055	38
1056	39
1057	40
1058	30
1059	39
1060	27
1061	37
1062	26
1063	26
1064	44
1065	31
1066	28
1067	42

