## htsjdk.samtools.metrics.StringHeader
# picard.analysis.CollectInsertSizeMetrics HISTOGRAM_FILE=alignment_metrics/lice70_insert_size_histogram.pdf INPUT=lice70.sorted.bam OUTPUT=alignment_metrics/lice70_insert_metrics.txt    DEVIATIONS=10.0 MINIMUM_PCT=0.05 METRIC_ACCUMULATION_LEVEL=[ALL_READS] INCLUDE_DUPLICATES=false ASSUME_SORTED=true STOP_AFTER=0 VERBOSITY=INFO QUIET=false VALIDATION_STRINGENCY=STRICT COMPRESSION_LEVEL=5 MAX_RECORDS_IN_RAM=500000 CREATE_INDEX=false CREATE_MD5_FILE=false GA4GH_CLIENT_SECRETS=client_secrets.json
## htsjdk.samtools.metrics.StringHeader
# Started on: Fri Sep 29 00:59:42 PDT 2017

## METRICS CLASS	picard.analysis.InsertSizeMetrics
MEDIAN_INSERT_SIZE	MEDIAN_ABSOLUTE_DEVIATION	MIN_INSERT_SIZE	MAX_INSERT_SIZE	MEAN_INSERT_SIZE	STANDARD_DEVIATION	READ_PAIRS	PAIR_ORIENTATION	WIDTH_OF_10_PERCENT	WIDTH_OF_20_PERCENT	WIDTH_OF_30_PERCENT	WIDTH_OF_40_PERCENT	WIDTH_OF_50_PERCENT	WIDTH_OF_60_PERCENT	WIDTH_OF_70_PERCENT	WIDTH_OF_80_PERCENT	WIDTH_OF_90_PERCENT	WIDTH_OF_99_PERCENT	SAMPLE	LIBRARY	READ_GROUP
259	104	2	2229121	296.195293	174.169056	2838198	FR	43	83	125	167	209	255	307	383	553	1203			

## HISTOGRAM	java.lang.Integer
insert_size	All_Reads.fr_count
2	159
3	424
4	1947
5	207
6	30
7	28
8	27
9	97
10	33
11	32
12	33
13	40
14	53
15	61
16	95
17	79
18	56
19	5714
20	4272
21	2738
22	2927
23	1655
24	1420
25	2608
26	1643
27	1364
28	1236
29	1075
30	896
31	884
32	2459
33	1674
34	2452
35	2771
36	843
37	1795
38	1959
39	764
40	576
41	575
42	1230
43	633
44	614
45	830
46	734
47	871
48	844
49	965
50	860
51	951
52	1357
53	899
54	1120
55	1099
56	1218
57	1282
58	1272
59	1518
60	1625
61	1621
62	1563
63	1665
64	1748
65	1734
66	1966
67	2063
68	2233
69	2506
70	2470
71	2534
72	2375
73	2570
74	2586
75	2731
76	2777
77	3016
78	3113
79	3408
80	3503
81	3544
82	3512
83	3731
84	3493
85	3717
86	3799
87	3945
88	4106
89	4560
90	4571
91	4747
92	4526
93	4584
94	4575
95	4691
96	4797
97	4946
98	5273
99	5544
100	5615
101	5734
102	5682
103	5807
104	5704
105	5621
106	5805
107	6064
108	5951
109	6413
110	6527
111	6601
112	6610
113	6676
114	6732
115	6545
116	6422
117	6763
118	6888
119	7444
120	7198
121	7421
122	7317
123	7431
124	7579
125	7274
126	7345
127	7141
128	7385
129	8013
130	7625
131	7794
132	7735
133	7999
134	8319
135	7764
136	7842
137	7681
138	7902
139	8338
140	8197
141	8154
142	8488
143	8345
144	8267
145	8056
146	7830
147	7991
148	8250
149	8031
150	8221
151	8307
152	8269
153	8551
154	8374
155	8293
156	8237
157	8125
158	7974
159	8189
160	8234
161	8117
162	8278
163	8466
164	8629
165	8356
166	8344
167	8338
168	8257
169	8148
170	8164
171	8333
172	8514
173	8429
174	8421
175	8438
176	8405
177	8418
178	8295
179	8247
180	8038
181	8091
182	8449
183	8128
184	8655
185	8222
186	8496
187	8175
188	8169
189	8157
190	8081
191	8181
192	8057
193	8273
194	8227
195	8268
196	8238
197	8212
198	7927
199	7983
200	7870
201	7962
202	8051
203	7960
204	8159
205	7998
206	8116
207	8052
208	7893
209	8049
210	7814
211	7775
212	7926
213	7888
214	7849
215	7637
216	8013
217	7719
218	7668
219	7749
220	7666
221	7615
222	7645
223	7626
224	7603
225	7711
226	7686
227	7753
228	7572
229	7697
230	7526
231	7511
232	7482
233	7314
234	7371
235	7647
236	7484
237	7658
238	7452
239	7394
240	7291
241	7294
242	7196
243	7293
244	7294
245	7177
246	7190
247	7179
248	7180
249	7145
250	7022
251	6807
252	7064
253	7009
254	6987
255	7108
256	6971
257	6948
258	6861
259	6842
260	6890
261	6836
262	6627
263	6813
264	6755
265	6518
266	6692
267	6732
268	6823
269	6789
270	6733
271	6716
272	6675
273	6587
274	6607
275	6520
276	6329
277	6496
278	6447
279	6520
280	6512
281	6394
282	6323
283	6355
284	6390
285	6268
286	6371
287	6223
288	6268
289	6166
290	6261
291	6194
292	6236
293	6219
294	6127
295	6193
296	6121
297	6123
298	5981
299	6030
300	5894
301	5859
302	5991
303	6046
304	5882
305	5924
306	5767
307	5821
308	5762
309	5685
310	5889
311	5864
312	5664
313	5701
314	5718
315	5614
316	5701
317	5734
318	5518
319	5638
320	5557
321	5554
322	5551
323	5368
324	5537
325	5420
326	5341
327	5425
328	5400
329	5399
330	5450
331	5295
332	5282
333	5290
334	5265
335	5352
336	5397
337	5203
338	5241
339	5145
340	5145
341	4944
342	5126
343	4978
344	5154
345	4904
346	4996
347	5011
348	4825
349	5055
350	4961
351	4825
352	4890
353	4794
354	4772
355	4873
356	4856
357	4915
358	4822
359	4877
360	4793
361	4737
362	4695
363	4566
364	4646
365	4577
366	4612
367	4599
368	4455
369	4479
370	4579
371	4354
372	4572
373	4386
374	4382
375	4539
376	4489
377	4364
378	4386
379	4337
380	4332
381	4305
382	4267
383	4232
384	4230
385	4304
386	4239
387	4184
388	4208
389	4040
390	4141
391	4151
392	4075
393	4001
394	3962
395	3974
396	4162
397	3999
398	4022
399	3952
400	3775
401	3859
402	3932
403	3892
404	3928
405	3848
406	3704
407	3753
408	3718
409	3731
410	3738
411	3787
412	3618
413	3743
414	3635
415	3680
416	3670
417	3699
418	3498
419	3631
420	3503
421	3444
422	3489
423	3493
424	3517
425	3529
426	3357
427	3334
428	3505
429	3423
430	3396
431	3298
432	3352
433	3280
434	3265
435	3159
436	3323
437	3203
438	3347
439	3198
440	3265
441	3249
442	3068
443	3090
444	3039
445	3181
446	3122
447	3074
448	2958
449	3004
450	3051
451	3010
452	2906
453	2977
454	2936
455	2992
456	2878
457	2820
458	2872
459	2844
460	2896
461	2872
462	2866
463	2839
464	2851
465	2815
466	2720
467	2834
468	2682
469	2754
470	2809
471	2735
472	2631
473	2653
474	2604
475	2676
476	2698
477	2570
478	2485
479	2587
480	2510
481	2465
482	2505
483	2500
484	2606
485	2428
486	2496
487	2298
488	2438
489	2419
490	2435
491	2356
492	2413
493	2312
494	2306
495	2310
496	2382
497	2278
498	2347
499	2267
500	2268
501	2217
502	2234
503	2204
504	2271
505	2185
506	2109
507	2197
508	2210
509	2234
510	2180
511	2186
512	2135
513	2013
514	2053
515	2105
516	2075
517	2054
518	2006
519	1984
520	2040
521	1974
522	1997
523	1898
524	2033
525	1913
526	1904
527	1993
528	1955
529	1877
530	1894
531	1930
532	1891
533	1904
534	1854
535	1896
536	1812
537	1758
538	1869
539	1856
540	1817
541	1850
542	1792
543	1754
544	1664
545	1839
546	1769
547	1705
548	1751
549	1715
550	1686
551	1630
552	1655
553	1673
554	1682
555	1642
556	1650
557	1536
558	1621
559	1640
560	1638
561	1601
562	1634
563	1714
564	1532
565	1557
566	1503
567	1516
568	1585
569	1483
570	1535
571	1453
572	1455
573	1490
574	1472
575	1510
576	1463
577	1489
578	1407
579	1378
580	1392
581	1430
582	1390
583	1444
584	1390
585	1353
586	1313
587	1367
588	1400
589	1315
590	1286
591	1294
592	1290
593	1240
594	1279
595	1263
596	1258
597	1234
598	1225
599	1259
600	1265
601	1293
602	1243
603	1256
604	1203
605	1223
606	1229
607	1230
608	1156
609	1138
610	1162
611	1123
612	1209
613	1189
614	1062
615	1217
616	1134
617	1091
618	1014
619	1140
620	1100
621	1114
622	1071
623	1107
624	1158
625	1104
626	1001
627	1061
628	1026
629	1047
630	1013
631	1084
632	1003
633	1020
634	1057
635	940
636	954
637	1011
638	986
639	1017
640	962
641	966
642	917
643	929
644	850
645	883
646	880
647	896
648	926
649	875
650	837
651	899
652	831
653	927
654	859
655	856
656	867
657	822
658	877
659	812
660	821
661	882
662	845
663	845
664	818
665	817
666	783
667	787
668	832
669	807
670	786
671	775
672	820
673	797
674	763
675	734
676	741
677	716
678	726
679	754
680	773
681	730
682	694
683	731
684	737
685	710
686	747
687	698
688	683
689	661
690	678
691	706
692	639
693	675
694	653
695	652
696	708
697	660
698	670
699	662
700	591
701	660
702	618
703	597
704	611
705	590
706	598
707	603
708	611
709	601
710	611
711	678
712	636
713	571
714	597
715	603
716	588
717	587
718	574
719	529
720	553
721	604
722	572
723	583
724	568
725	553
726	571
727	532
728	556
729	560
730	526
731	566
732	535
733	538
734	498
735	499
736	531
737	500
738	479
739	477
740	500
741	526
742	459
743	490
744	495
745	463
746	493
747	492
748	454
749	488
750	472
751	466
752	466
753	443
754	439
755	409
756	463
757	446
758	453
759	433
760	422
761	475
762	446
763	406
764	415
765	445
766	385
767	435
768	364
769	405
770	453
771	410
772	408
773	364
774	400
775	415
776	377
777	370
778	379
779	389
780	372
781	404
782	363
783	363
784	364
785	413
786	362
787	323
788	351
789	340
790	330
791	347
792	364
793	366
794	358
795	370
796	342
797	341
798	338
799	374
800	337
801	307
802	318
803	299
804	336
805	342
806	309
807	335
808	340
809	322
810	339
811	273
812	299
813	306
814	314
815	296
816	287
817	306
818	278
819	316
820	301
821	316
822	304
823	279
824	269
825	287
826	264
827	274
828	282
829	252
830	272
831	255
832	256
833	218
834	312
835	264
836	237
837	274
838	257
839	252
840	257
841	241
842	249
843	279
844	267
845	257
846	239
847	250
848	219
849	239
850	250
851	207
852	242
853	214
854	232
855	224
856	215
857	224
858	200
859	245
860	210
861	233
862	232
863	223
864	199
865	180
866	199
867	199
868	192
869	212
870	206
871	200
872	206
873	204
874	223
875	201
876	212
877	184
878	176
879	201
880	197
881	176
882	188
883	190
884	173
885	179
886	196
887	172
888	169
889	164
890	178
891	151
892	162
893	193
894	172
895	166
896	174
897	164
898	186
899	173
900	152
901	171
902	185
903	174
904	188
905	149
906	139
907	177
908	146
909	141
910	162
911	152
912	138
913	145
914	151
915	144
916	153
917	141
918	153
919	147
920	131
921	130
922	141
923	149
924	141
925	153
926	130
927	139
928	127
929	134
930	136
931	106
932	135
933	122
934	110
935	120
936	119
937	102
938	123
939	136
940	110
941	122
942	119
943	138
944	102
945	119
946	101
947	119
948	108
949	106
950	119
951	109
952	134
953	114
954	108
955	104
956	99
957	97
958	119
959	101
960	113
961	100
962	116
963	102
964	114
965	93
966	93
967	80
968	107
969	117
970	119
971	96
972	117
973	115
974	85
975	101
976	123
977	88
978	88
979	91
980	108
981	86
982	89
983	92
984	101
985	88
986	101
987	75
988	87
989	96
990	90
991	86
992	92
993	79
994	99
995	71
996	82
997	82
998	73
999	90
1000	69
1001	84
1002	85
1003	87
1004	96
1005	66
1006	81
1007	75
1008	82
1009	70
1010	57
1011	83
1012	76
1013	73
1014	79
1015	64
1016	82
1017	68
1018	63
1019	76
1020	64
1021	44
1022	58
1023	59
1024	59
1025	65
1026	60
1027	41
1028	49
1029	70
1030	54
1031	46
1032	55
1033	59
1034	55
1035	67
1036	53
1037	46
1038	54
1039	53
1040	47
1041	50
1042	56
1043	68
1044	41
1045	37
1046	51
1047	57
1048	35
1049	30
1050	36
1051	35
1052	43
1053	34
1054	41
1055	39
1056	35
1057	31
1058	35
1059	24
1060	45
1061	41
1062	37
1063	26
1064	40
1065	31
1066	28
1067	35
1068	29
1069	26
1070	22
1071	31
1072	26
1073	25
1074	34
1075	38
1076	32
1077	32
1078	25
1079	29
1080	23
1081	22
1082	27
1083	27
1084	22
1085	24
1086	24
1087	36
1088	25
1089	27
1090	24
1091	34
1092	23
1093	29
1094	24
1095	26
1096	18
1097	21
1098	18
1099	24
1100	20
1101	19
1102	24
1103	20
1104	33
1105	20
1106	20
1107	18
1108	22
1109	16
1110	34
1111	21
1112	25
1113	19
1114	15
1115	15
1116	18
1117	15
1118	15
1119	23
1120	15
1121	25
1122	16
1123	20
1124	17
1125	19
1126	19
1127	29
1128	15
1129	10
1130	19
1131	16
1132	12
1133	10
1134	17
1135	14
1136	24
1137	13
1138	12
1139	21
1140	20
1141	14
1142	18
1143	12
1144	19
1145	16
1146	20
1147	18
1148	13
1149	14
1150	14
1151	17
1152	15
1153	17
1154	16
1155	14
1156	20
1157	15
1158	15
1159	17
1160	7
1161	10
1162	20
1163	13
1164	12
1165	19
1166	15
1167	12
1168	8
1169	16
1170	9
1171	14
1172	17
1173	10
1174	5
1175	13
1176	12
1177	13
1178	10
1179	14
1180	13
1181	7
1182	8
1183	8
1184	8
1185	9
1186	9
1187	8
1188	14
1189	7
1190	5
1191	5
1192	6
1193	11
1194	12
1195	8
1196	9
1197	9
1198	9
1199	10
1200	9
1201	10
1202	5
1203	14
1204	7
1205	9
1206	8
1207	6
1208	5
1209	10
1210	9
1211	8
1212	5
1213	5
1214	10
1215	6
1216	7
1217	7
1218	8
1219	9
1220	4
1221	6
1222	1
1223	5
1224	10
1225	9
1226	5
1227	5
1228	7
1229	7
1230	9
1231	6
1232	9
1233	2
1234	10
1235	8
1236	7
1237	4
1238	5
1239	7
1240	6
1241	8
1242	10
1243	8
1244	2
1245	4
1246	5
1247	3
1248	8
1249	4
1250	6
1251	7
1252	2
1253	7
1254	4
1255	3
1256	8
1257	5
1258	4
1259	10
1260	1
1261	5
1262	4
1263	8
1264	5
1265	5
1266	1
1267	2
1268	3
1269	3
1270	5
1271	2
1272	6
1273	7
1274	6
1275	5
1276	5
1277	3
1278	7
1279	5
1280	4
1281	4
1282	5
1283	6
1284	2
1285	3
1286	2
1287	3
1288	7
1289	4
1290	2
1291	2
1292	2
1293	2
1294	3
1295	4
1296	2
1297	2
1298	3
1299	7

