## htsjdk.samtools.metrics.StringHeader
# picard.analysis.CollectInsertSizeMetrics HISTOGRAM_FILE=alignment_metrics/lice24_insert_size_histogram.pdf INPUT=lice24.sorted.bam OUTPUT=alignment_metrics/lice24_insert_metrics.txt    DEVIATIONS=10.0 MINIMUM_PCT=0.05 METRIC_ACCUMULATION_LEVEL=[ALL_READS] INCLUDE_DUPLICATES=false ASSUME_SORTED=true STOP_AFTER=0 VERBOSITY=INFO QUIET=false VALIDATION_STRINGENCY=STRICT COMPRESSION_LEVEL=5 MAX_RECORDS_IN_RAM=500000 CREATE_INDEX=false CREATE_MD5_FILE=false GA4GH_CLIENT_SECRETS=client_secrets.json
## htsjdk.samtools.metrics.StringHeader
# Started on: Fri Sep 29 00:00:21 PDT 2017

## METRICS CLASS	picard.analysis.InsertSizeMetrics
MEDIAN_INSERT_SIZE	MEDIAN_ABSOLUTE_DEVIATION	MIN_INSERT_SIZE	MAX_INSERT_SIZE	MEAN_INSERT_SIZE	STANDARD_DEVIATION	READ_PAIRS	PAIR_ORIENTATION	WIDTH_OF_10_PERCENT	WIDTH_OF_20_PERCENT	WIDTH_OF_30_PERCENT	WIDTH_OF_40_PERCENT	WIDTH_OF_50_PERCENT	WIDTH_OF_60_PERCENT	WIDTH_OF_70_PERCENT	WIDTH_OF_80_PERCENT	WIDTH_OF_90_PERCENT	WIDTH_OF_99_PERCENT	SAMPLE	LIBRARY	READ_GROUP
250	95	2	1901320	280.703979	156.054955	5734855	FR	39	75	113	151	191	233	281	351	489	1053			

## HISTOGRAM	java.lang.Integer
insert_size	All_Reads.fr_count
2	234
3	697
4	2325
5	429
6	34
7	40
8	39
9	85
10	47
11	49
12	33
13	47
14	95
15	77
16	110
17	121
18	132
19	17296
20	11591
21	7599
22	5279
23	4419
24	4013
25	5553
26	3826
27	3719
28	2958
29	2681
30	1994
31	1824
32	5160
33	3950
34	3461
35	7351
36	1524
37	2630
38	3285
39	1874
40	1164
41	1260
42	2556
43	1401
44	1272
45	1430
46	1449
47	1643
48	1668
49	1798
50	1609
51	1718
52	2600
53	1859
54	2045
55	2173
56	2261
57	2463
58	2549
59	2822
60	2853
61	2996
62	3030
63	3177
64	3340
65	3377
66	3757
67	3867
68	4179
69	4364
70	4462
71	4651
72	4759
73	4865
74	4971
75	5292
76	5295
77	5692
78	6010
79	6490
80	6370
81	6666
82	6735
83	6981
84	7024
85	7317
86	7520
87	7862
88	8071
89	8252
90	8697
91	8779
92	8884
93	9122
94	9204
95	9311
96	9484
97	9883
98	10109
99	10775
100	10837
101	10942
102	11228
103	11249
104	11295
105	11482
106	11558
107	11793
108	12306
109	12697
110	12814
111	12959
112	13151
113	13748
114	13291
115	13292
116	13322
117	13582
118	13980
119	14630
120	14388
121	14938
122	15025
123	14931
124	15189
125	15071
126	15169
127	15149
128	15282
129	15983
130	15541
131	15858
132	16158
133	16114
134	16687
135	16346
136	16258
137	16125
138	16392
139	16927
140	16695
141	17072
142	17116
143	17239
144	17243
145	16864
146	16795
147	17075
148	17350
149	17223
150	17282
151	17314
152	17177
153	17432
154	17876
155	17610
156	17627
157	17835
158	17347
159	17582
160	17708
161	17776
162	17941
163	17999
164	17900
165	18076
166	17898
167	17946
168	17817
169	17899
170	17779
171	17995
172	18044
173	18237
174	18268
175	18221
176	18253
177	18062
178	18035
179	17751
180	17849
181	17925
182	18060
183	17809
184	18000
185	17676
186	18134
187	17656
188	17980
189	17692
190	17855
191	17611
192	17616
193	17990
194	17823
195	18040
196	17680
197	17703
198	17815
199	17616
200	17533
201	17553
202	17446
203	17554
204	17283
205	17731
206	17508
207	17548
208	17275
209	17424
210	17257
211	17144
212	16960
213	17158
214	16984
215	17207
216	16895
217	16982
218	16945
219	16810
220	16861
221	16971
222	16839
223	16797
224	16569
225	16798
226	16525
227	16709
228	16623
229	16476
230	16250
231	16621
232	16470
233	16481
234	16364
235	16285
236	15983
237	16126
238	16140
239	16174
240	15853
241	15711
242	15979
243	15928
244	16053
245	15684
246	15737
247	15819
248	15497
249	15430
250	15267
251	15472
252	15232
253	15473
254	15405
255	15240
256	15183
257	15156
258	14939
259	14893
260	14997
261	14964
262	14906
263	14921
264	14801
265	14562
266	14504
267	14516
268	14518
269	14488
270	14480
271	14625
272	14306
273	14190
274	14231
275	14005
276	13768
277	13880
278	14258
279	14095
280	13914
281	13818
282	13773
283	13915
284	13822
285	13695
286	13572
287	13415
288	13564
289	13453
290	13240
291	13516
292	13367
293	13166
294	13147
295	13182
296	13343
297	13027
298	13056
299	13042
300	12664
301	12826
302	12890
303	12602
304	12545
305	12678
306	12444
307	12551
308	12249
309	12300
310	12163
311	12259
312	12474
313	12198
314	12178
315	11997
316	11985
317	12089
318	11864
319	12025
320	11816
321	11900
322	11660
323	11757
324	11610
325	11594
326	11294
327	11422
328	11368
329	11383
330	11379
331	11223
332	11194
333	11067
334	11204
335	11033
336	11235
337	11014
338	11031
339	10807
340	10711
341	10676
342	10910
343	10715
344	10738
345	10414
346	10555
347	10483
348	10550
349	10517
350	10443
351	10240
352	10204
353	10057
354	10042
355	10242
356	10010
357	9717
358	9887
359	9778
360	9907
361	9743
362	9624
363	9686
364	9592
365	9498
366	9616
367	9356
368	9422
369	9257
370	9408
371	9219
372	9248
373	9049
374	9053
375	9149
376	8922
377	9039
378	8945
379	8653
380	8758
381	8755
382	8868
383	8482
384	8486
385	8563
386	8644
387	8464
388	8477
389	8435
390	8507
391	8233
392	8206
393	7984
394	8067
395	8141
396	8079
397	8076
398	7914
399	7846
400	7983
401	7858
402	7766
403	7749
404	7600
405	7485
406	7679
407	7782
408	7630
409	7529
410	7489
411	7492
412	7443
413	7281
414	7335
415	7343
416	7154
417	7036
418	7059
419	6994
420	6889
421	7102
422	6923
423	6939
424	6805
425	6758
426	6635
427	6571
428	6667
429	6700
430	6508
431	6600
432	6449
433	6502
434	6389
435	6304
436	6190
437	6254
438	6174
439	6064
440	6147
441	6119
442	6134
443	5895
444	6013
445	6138
446	5859
447	5833
448	5911
449	5767
450	5878
451	5726
452	5731
453	5795
454	5609
455	5486
456	5526
457	5551
458	5468
459	5597
460	5446
461	5507
462	5372
463	5370
464	5166
465	5193
466	5040
467	5208
468	5148
469	5039
470	5031
471	4984
472	4949
473	4841
474	4925
475	4808
476	4836
477	4903
478	4798
479	4743
480	4688
481	4697
482	4684
483	4634
484	4510
485	4619
486	4446
487	4514
488	4473
489	4322
490	4527
491	4491
492	4404
493	4402
494	4286
495	4326
496	4277
497	4228
498	4406
499	4085
500	4185
501	4056
502	4070
503	3926
504	3888
505	3994
506	3787
507	4034
508	3882
509	3920
510	3971
511	3855
512	3889
513	3681
514	3906
515	3810
516	3664
517	3607
518	3745
519	3650
520	3544
521	3575
522	3592
523	3494
524	3484
525	3468
526	3559
527	3375
528	3369
529	3460
530	3358
531	3295
532	3297
533	3138
534	3234
535	3270
536	3155
537	3190
538	3207
539	3140
540	3174
541	3016
542	3038
543	3034
544	3062
545	2995
546	2981
547	2962
548	2884
549	2943
550	2811
551	2818
552	2939
553	2760
554	2809
555	2760
556	2751
557	2749
558	2632
559	2763
560	2606
561	2640
562	2704
563	2604
564	2529
565	2527
566	2584
567	2464
568	2544
569	2388
570	2457
571	2538
572	2487
573	2508
574	2463
575	2458
576	2412
577	2413
578	2363
579	2357
580	2314
581	2351
582	2261
583	2258
584	2240
585	2229
586	2272
587	2207
588	2180
589	2247
590	2106
591	2151
592	2122
593	2087
594	2098
595	2095
596	2002
597	2038
598	2048
599	1973
600	1940
601	1977
602	2016
603	1960
604	1995
605	1998
606	1895
607	1901
608	1926
609	1925
610	1827
611	1819
612	1819
613	1842
614	1791
615	1707
616	1801
617	1772
618	1678
619	1763
620	1732
621	1724
622	1668
623	1659
624	1612
625	1635
626	1628
627	1623
628	1597
629	1583
630	1612
631	1589
632	1565
633	1567
634	1586
635	1518
636	1483
637	1556
638	1490
639	1463
640	1386
641	1447
642	1472
643	1462
644	1411
645	1371
646	1459
647	1386
648	1389
649	1350
650	1359
651	1388
652	1332
653	1312
654	1341
655	1273
656	1286
657	1202
658	1306
659	1339
660	1284
661	1204
662	1367
663	1189
664	1201
665	1200
666	1181
667	1217
668	1114
669	1139
670	1180
671	1114
672	1089
673	1120
674	1176
675	1135
676	1118
677	1083
678	1062
679	1079
680	1044
681	1116
682	1018
683	1081
684	976
685	1041
686	1061
687	953
688	996
689	983
690	1011
691	929
692	999
693	983
694	951
695	972
696	903
697	902
698	912
699	923
700	889
701	842
702	959
703	881
704	843
705	886
706	857
707	862
708	892
709	901
710	890
711	867
712	856
713	801
714	791
715	821
716	846
717	802
718	769
719	846
720	792
721	810
722	772
723	768
724	702
725	733
726	727
727	733
728	743
729	710
730	743
731	715
732	690
733	735
734	709
735	745
736	682
737	664
738	698
739	677
740	667
741	693
742	660
743	666
744	677
745	602
746	619
747	599
748	631
749	600
750	655
751	619
752	556
753	626
754	582
755	582
756	599
757	582
758	561
759	562
760	564
761	548
762	524
763	576
764	569
765	569
766	538
767	527
768	528
769	547
770	500
771	529
772	501
773	545
774	496
775	495
776	457
777	464
778	482
779	505
780	445
781	464
782	474
783	447
784	463
785	461
786	489
787	457
788	461
789	443
790	468
791	426
792	434
793	420
794	450
795	370
796	455
797	437
798	442
799	417
800	413
801	402
802	410
803	375
804	416
805	408
806	363
807	396
808	383
809	385
810	416
811	389
812	374
813	360
814	355
815	329
816	355
817	335
818	355
819	367
820	364
821	365
822	303
823	312
824	319
825	343
826	298
827	338
828	327
829	322
830	329
831	304
832	327
833	290
834	291
835	331
836	314
837	269
838	289
839	253
840	319
841	274
842	262
843	282
844	260
845	266
846	289
847	291
848	262
849	279
850	268
851	284
852	255
853	264
854	249
855	282
856	233
857	233
858	240
859	249
860	224
861	224
862	251
863	211
864	225
865	234
866	226
867	206
868	209
869	211
870	249
871	240
872	188
873	199
874	192
875	191
876	197
877	188
878	209
879	203
880	199
881	224
882	195
883	191
884	212
885	203
886	207
887	201
888	218
889	181
890	155
891	182
892	182
893	191
894	170
895	203
896	171
897	188
898	185
899	183
900	138
901	182
902	149
903	154
904	155
905	151
906	162
907	181
908	176
909	167
910	179
911	196
912	154
913	152
914	142
915	156
916	164
917	156
918	141
919	142
920	136
921	143
922	153
923	139
924	133
925	151
926	153
927	133
928	107
929	144
930	161
931	137
932	123
933	133
934	118
935	142
936	120
937	133
938	120
939	123
940	105
941	99
942	128
943	107
944	126
945	98
946	137
947	99
948	115
949	128
950	110
951	109
952	96
953	99
954	92
955	86
956	97
957	92
958	104
959	76
960	79
961	73
962	71
963	62
964	76
965	93
966	70
967	70
968	75
969	66
970	62
971	64
972	57
973	66
974	58
975	60
976	59
977	70
978	73
979	69
980	63
981	54
982	77
983	67
984	60
985	44
986	63
987	52
988	46
989	58
990	40
991	52
992	60
993	58
994	50
995	36
996	66
997	43
998	54
999	47
1000	54
1001	44
1002	46
1003	59
1004	62
1005	41
1006	58
1007	54
1008	47
1009	53
1010	33
1011	51
1012	39
1013	52
1014	43
1015	43
1016	41
1017	34
1018	36
1019	40
1020	47
1021	45
1022	34
1023	42
1024	45
1025	39
1026	43
1027	37
1028	34
1029	33
1030	27
1031	49
1032	29
1033	29
1034	34
1035	36
1036	40
1037	25
1038	34
1039	25
1040	25
1041	33
1042	36
1043	37
1044	33
1045	22
1046	30
1047	39
1048	37
1049	22
1050	28
1051	31
1052	33
1053	21
1054	16
1055	27
1056	24
1057	32
1058	26
1059	21
1060	23
1061	30
1062	24
1063	23
1064	28
1065	39
1066	17
1067	27
1068	24
1069	26
1070	24
1071	23
1072	22
1073	26
1074	21
1075	27
1076	17
1077	24
1078	20
1079	17
1080	31
1081	13
1082	20
1083	16
1084	24
1085	21
1086	16
1087	16
1088	15
1089	28
1090	17
1091	15
1092	19
1093	18
1094	24
1095	12
1096	14
1097	10
1098	25
1099	18
1100	16
1101	14
1102	17
1103	13
1104	17
1105	14
1106	13
1107	16
1108	22
1109	14
1110	12
1111	12
1112	11
1113	13
1114	16
1115	14
1116	14
1117	17
1118	12
1119	18
1120	11
1121	17
1122	11
1123	12
1124	9
1125	13
1126	13
1127	11
1128	20
1129	15
1130	11
1131	9
1132	15
1133	9
1134	17
1135	15
1136	18
1137	8
1138	9
1139	13
1140	15
1141	15
1142	14
1143	14
1144	13
1145	11
1146	11
1147	8
1148	13
1149	7
1150	12
1151	12
1152	8
1153	9
1154	9
1155	8
1156	8
1157	12
1158	7
1159	9
1160	11
1161	6
1162	7
1163	10
1164	10
1165	12
1166	7
1167	10
1168	11
1169	12
1170	7
1171	10
1172	8
1173	7
1174	9
1175	8
1176	12
1177	5
1178	6
1179	11
1180	5
1181	8
1182	7
1183	5
1184	5
1185	9
1186	5
1187	6
1188	9
1189	9
1190	5
1191	4
1192	9
1193	4
1194	7
1195	7
1196	8
1197	10
1198	4
1199	5
1200	8

