## htsjdk.samtools.metrics.StringHeader
# picard.analysis.CollectInsertSizeMetrics HISTOGRAM_FILE=alignment_metrics/lice5_insert_size_histogram.pdf INPUT=lice5.sorted.bam OUTPUT=alignment_metrics/lice5_insert_metrics.txt    DEVIATIONS=10.0 MINIMUM_PCT=0.05 METRIC_ACCUMULATION_LEVEL=[ALL_READS] INCLUDE_DUPLICATES=false ASSUME_SORTED=true STOP_AFTER=0 VERBOSITY=INFO QUIET=false VALIDATION_STRINGENCY=STRICT COMPRESSION_LEVEL=5 MAX_RECORDS_IN_RAM=500000 CREATE_INDEX=false CREATE_MD5_FILE=false GA4GH_CLIENT_SECRETS=client_secrets.json
## htsjdk.samtools.metrics.StringHeader
# Started on: Thu Sep 28 23:39:08 PDT 2017

## METRICS CLASS	picard.analysis.InsertSizeMetrics
MEDIAN_INSERT_SIZE	MEDIAN_ABSOLUTE_DEVIATION	MIN_INSERT_SIZE	MAX_INSERT_SIZE	MEAN_INSERT_SIZE	STANDARD_DEVIATION	READ_PAIRS	PAIR_ORIENTATION	WIDTH_OF_10_PERCENT	WIDTH_OF_20_PERCENT	WIDTH_OF_30_PERCENT	WIDTH_OF_40_PERCENT	WIDTH_OF_50_PERCENT	WIDTH_OF_60_PERCENT	WIDTH_OF_70_PERCENT	WIDTH_OF_80_PERCENT	WIDTH_OF_90_PERCENT	WIDTH_OF_99_PERCENT	SAMPLE	LIBRARY	READ_GROUP
252	103	2	1551786	282.328507	170.422257	2134823	FR	41	81	123	165	207	255	313	417	523	1129			

## HISTOGRAM	java.lang.Integer
insert_size	All_Reads.fr_count
2	79
3	242
4	899
5	130
6	13
7	14
8	10
9	35
10	21
11	24
12	28
13	24
14	111
15	95
16	151
17	70
18	77
19	20304
20	14645
21	6446
22	4667
23	3131
24	1711
25	7571
26	2083
27	1585
28	1193
29	1215
30	870
31	890
32	8889
33	4736
34	4838
35	12548
36	1461
37	3551
38	6027
39	1819
40	523
41	586
42	4382
43	686
44	546
45	1040
46	492
47	923
48	640
49	903
50	618
51	680
52	3186
53	593
54	769
55	737
56	670
57	763
58	932
59	905
60	961
61	972
62	1069
63	1037
64	1307
65	1233
66	1282
67	1376
68	1626
69	1612
70	1464
71	1501
72	1517
73	1603
74	1611
75	2172
76	1847
77	1849
78	2020
79	2209
80	2117
81	2131
82	2117
83	2233
84	2393
85	2612
86	2996
87	2634
88	2914
89	2881
90	2889
91	2856
92	3033
93	3003
94	3090
95	3060
96	3030
97	3478
98	3472
99	3617
100	3648
101	3693
102	3756
103	3979
104	3939
105	3836
106	3885
107	3990
108	4289
109	4185
110	4504
111	4395
112	4284
113	4428
114	4722
115	4466
116	4504
117	4528
118	4644
119	4968
120	5145
121	5014
122	4975
123	5093
124	5177
125	5071
126	5025
127	5422
128	5122
129	5407
130	5372
131	5423
132	5315
133	5344
134	5592
135	5424
136	5687
137	5583
138	5652
139	5899
140	5732
141	5622
142	5909
143	5805
144	5735
145	5705
146	5789
147	5812
148	5784
149	5741
150	5879
151	6008
152	5996
153	5919
154	5994
155	5945
156	5900
157	6030
158	5896
159	6039
160	6159
161	5955
162	5994
163	6152
164	6079
165	6128
166	6095
167	6160
168	6129
169	5948
170	6000
171	6161
172	6335
173	5989
174	5988
175	6067
176	6277
177	6157
178	6022
179	6102
180	5999
181	6102
182	5942
183	6014
184	6114
185	6368
186	6143
187	6086
188	5962
189	6070
190	5972
191	6022
192	6136
193	6124
194	6092
195	5821
196	6091
197	5947
198	5943
199	5937
200	6106
201	6107
202	5868
203	5969
204	6007
205	5971
206	5912
207	5997
208	5924
209	5761
210	5948
211	5929
212	5947
213	5810
214	6000
215	5837
216	5607
217	5955
218	5748
219	5730
220	5657
221	5798
222	5849
223	5727
224	5791
225	5618
226	5645
227	5559
228	5717
229	5640
230	5694
231	5657
232	5506
233	5575
234	5432
235	5551
236	5496
237	5577
238	5641
239	5446
240	5575
241	5413
242	5391
243	5526
244	5509
245	5349
246	5348
247	5495
248	5237
249	5246
250	5476
251	5389
252	5337
253	5321
254	5091
255	5257
256	5151
257	5231
258	5215
259	5218
260	5167
261	5176
262	5119
263	5060
264	5250
265	5110
266	5005
267	5034
268	5029
269	5305
270	5096
271	4983
272	5110
273	5084
274	4932
275	4988
276	4921
277	5130
278	4986
279	4891
280	4854
281	4908
282	4745
283	4737
284	4841
285	4746
286	4549
287	4886
288	4689
289	4815
290	4684
291	4546
292	4679
293	4508
294	4511
295	4620
296	4478
297	4644
298	4529
299	4510
300	4519
301	4552
302	4594
303	4588
304	4401
305	4438
306	4486
307	4376
308	4328
309	4524
310	4396
311	4324
312	4157
313	4434
314	4359
315	4323
316	4320
317	4232
318	4206
319	4084
320	4156
321	4183
322	4341
323	4229
324	4092
325	4223
326	4155
327	4161
328	3968
329	4090
330	4103
331	3962
332	4064
333	4032
334	4016
335	3955
336	3945
337	3891
338	3916
339	3900
340	3854
341	3729
342	3953
343	3821
344	3790
345	3836
346	3839
347	3807
348	3838
349	3741
350	3736
351	3856
352	3586
353	3618
354	3638
355	3540
356	3642
357	3579
358	3622
359	3590
360	3699
361	3531
362	3438
363	3437
364	3484
365	3493
366	3468
367	3375
368	3495
369	3493
370	3386
371	3458
372	3321
373	3353
374	3345
375	3284
376	3350
377	3247
378	3195
379	3296
380	3227
381	3254
382	3111
383	3159
384	3115
385	3174
386	3142
387	3007
388	3151
389	3045
390	3058
391	2996
392	3014
393	2954
394	3057
395	3016
396	2937
397	2882
398	3044
399	2968
400	3007
401	2964
402	2886
403	2878
404	2848
405	2917
406	2740
407	2825
408	2882
409	2817
410	2738
411	2676
412	2671
413	2670
414	2653
415	2633
416	2696
417	2757
418	2709
419	2733
420	2669
421	2592
422	2580
423	2567
424	2646
425	2536
426	2487
427	2459
428	2507
429	2510
430	2488
431	2448
432	2371
433	2504
434	2436
435	2438
436	2432
437	2340
438	2383
439	2269
440	2332
441	2278
442	2419
443	2341
444	2264
445	2284
446	2229
447	2274
448	2244
449	2250
450	2190
451	2221
452	2184
453	2165
454	2114
455	2216
456	2154
457	2091
458	2130
459	2159
460	2083
461	2128
462	2050
463	2103
464	1988
465	2065
466	2016
467	1964
468	1948
469	1993
470	1893
471	1939
472	1927
473	1895
474	1908
475	1885
476	1854
477	1881
478	1890
479	1698
480	1828
481	1857
482	1833
483	1734
484	1759
485	1834
486	1737
487	1754
488	1735
489	1743
490	1766
491	1661
492	1702
493	1743
494	1638
495	1720
496	1711
497	1623
498	1686
499	1622
500	1569
501	1603
502	1610
503	1577
504	1648
505	1539
506	1549
507	1540
508	1555
509	1503
510	1479
511	1537
512	1485
513	1568
514	1526
515	1413
516	1488
517	1458
518	1444
519	1467
520	1425
521	1421
522	1443
523	1420
524	1350
525	1394
526	1411
527	1424
528	1371
529	1367
530	1345
531	1371
532	1352
533	1290
534	1316
535	1311
536	1249
537	1297
538	1272
539	1229
540	1232
541	1293
542	1276
543	1217
544	1231
545	1245
546	1244
547	1186
548	1205
549	1154
550	1207
551	1243
552	1209
553	1189
554	1099
555	1131
556	1084
557	1151
558	1170
559	1149
560	1087
561	1076
562	1096
563	1064
564	1097
565	1129
566	1052
567	1049
568	1077
569	1015
570	1006
571	1062
572	1027
573	1023
574	973
575	1020
576	987
577	1003
578	920
579	1015
580	945
581	1035
582	948
583	939
584	968
585	936
586	931
587	900
588	908
589	896
590	912
591	854
592	874
593	863
594	897
595	838
596	896
597	913
598	878
599	839
600	858
601	859
602	820
603	857
604	811
605	750
606	831
607	785
608	802
609	821
610	814
611	784
612	751
613	778
614	724
615	723
616	780
617	683
618	769
619	755
620	704
621	720
622	700
623	712
624	699
625	723
626	710
627	729
628	690
629	731
630	692
631	677
632	648
633	676
634	665
635	653
636	646
637	685
638	655
639	623
640	685
641	651
642	648
643	627
644	681
645	610
646	609
647	655
648	552
649	571
650	608
651	611
652	589
653	575
654	596
655	554
656	607
657	592
658	558
659	539
660	546
661	533
662	554
663	560
664	556
665	512
666	547
667	550
668	508
669	514
670	524
671	509
672	475
673	499
674	506
675	470
676	459
677	473
678	509
679	441
680	449
681	476
682	461
683	447
684	485
685	465
686	488
687	483
688	472
689	420
690	441
691	471
692	423
693	418
694	425
695	393
696	426
697	395
698	419
699	414
700	385
701	416
702	404
703	398
704	439
705	415
706	371
707	385
708	398
709	369
710	382
711	379
712	366
713	327
714	331
715	381
716	366
717	351
718	378
719	346
720	378
721	381
722	361
723	357
724	345
725	319
726	355
727	337
728	338
729	325
730	367
731	351
732	329
733	325
734	323
735	328
736	301
737	288
738	303
739	339
740	306
741	271
742	298
743	276
744	271
745	321
746	289
747	338
748	259
749	285
750	266
751	288
752	274
753	311
754	269
755	301
756	288
757	272
758	269
759	258
760	260
761	244
762	254
763	242
764	280
765	248
766	234
767	227
768	281
769	239
770	221
771	275
772	217
773	244
774	248
775	247
776	220
777	241
778	255
779	218
780	217
781	240
782	235
783	215
784	231
785	241
786	201
787	215
788	219
789	217
790	207
791	205
792	201
793	187
794	181
795	228
796	184
797	183
798	186
799	210
800	191
801	189
802	212
803	185
804	198
805	184
806	166
807	196
808	193
809	189
810	195
811	172
812	173
813	171
814	173
815	184
816	187
817	177
818	147
819	157
820	144
821	162
822	163
823	162
824	163
825	157
826	180
827	162
828	164
829	181
830	157
831	143
832	151
833	148
834	141
835	167
836	129
837	152
838	140
839	136
840	154
841	128
842	120
843	146
844	121
845	118
846	135
847	144
848	107
849	145
850	135
851	142
852	116
853	131
854	118
855	131
856	121
857	125
858	127
859	122
860	136
861	128
862	145
863	121
864	124
865	124
866	113
867	116
868	128
869	110
870	121
871	123
872	119
873	98
874	100
875	113
876	91
877	109
878	102
879	88
880	118
881	107
882	123
883	108
884	106
885	98
886	102
887	105
888	114
889	114
890	98
891	112
892	83
893	93
894	110
895	78
896	84
897	86
898	95
899	98
900	92
901	87
902	71
903	90
904	105
905	73
906	91
907	87
908	75
909	90
910	84
911	75
912	94
913	90
914	71
915	80
916	77
917	73
918	72
919	73
920	81
921	87
922	70
923	74
924	68
925	82
926	72
927	73
928	68
929	52
930	66
931	78
932	59
933	67
934	66
935	66
936	58
937	63
938	71
939	59
940	60
941	58
942	66
943	64
944	65
945	68
946	71
947	65
948	56
949	58
950	68
951	60
952	54
953	54
954	44
955	60
956	63
957	54
958	53
959	45
960	59
961	59
962	51
963	48
964	51
965	57
966	43
967	49
968	44
969	58
970	51
971	52
972	44
973	61
974	51
975	40
976	52
977	44
978	44
979	40
980	43
981	54
982	56
983	52
984	44
985	35
986	37
987	40
988	39
989	41
990	51
991	46
992	55
993	35
994	56
995	39
996	40
997	54
998	35
999	46
1000	38
1001	38
1002	26
1003	21
1004	25
1005	42
1006	26
1007	39
1008	32
1009	40
1010	32
1011	29
1012	29
1013	36
1014	26
1015	32
1016	23
1017	25
1018	30
1019	34
1020	18
1021	28
1022	18
1023	20
1024	25
1025	22
1026	18
1027	29
1028	23
1029	19
1030	21
1031	23
1032	19
1033	17
1034	24
1035	13
1036	23
1037	25
1038	26
1039	23
1040	24
1041	19
1042	19
1043	20
1044	25
1045	15
1046	17
1047	21
1048	23
1049	17
1050	21
1051	22
1052	14
1053	17
1054	19
1055	12
1056	21
1057	10
1058	22
1059	16
1060	20
1061	15
1062	12
1063	13
1064	17
1065	17
1066	14
1067	15
1068	11
1069	22
1070	12
1071	7
1072	18
1073	8
1074	16
1075	9
1076	16
1077	13
1078	11
1079	15
1080	21
1081	14
1082	16
1083	16
1084	14
1085	13
1086	13
1087	12
1088	7
1089	10
1090	11
1091	9
1092	11
1093	10
1094	12
1095	12
1096	11
1097	14
1098	7
1099	13
1100	12
1101	11
1102	11
1103	6
1104	9
1105	12
1106	12
1107	13
1108	8
1109	14
1110	3
1111	7
1112	10
1113	12
1114	12
1115	18
1116	7
1117	10
1118	7
1119	8
1120	9
1121	8
1122	12
1123	11
1124	9
1125	6
1126	10
1127	8
1128	7
1129	5
1130	15
1131	8
1132	4
1133	9
1134	10
1135	7
1136	14
1137	9
1138	8
1139	7
1140	4
1141	13
1142	7
1143	6
1144	7
1145	7
1146	4
1147	6
1148	7
1149	7
1150	5
1151	6
1152	7
1153	9
1154	7
1155	4
1156	8
1157	5
1158	6
1159	5
1160	5
1161	8
1162	4
1163	3
1164	3
1165	7
1166	3
1167	4
1168	6
1169	5
1170	4
1171	7
1172	10
1173	3
1174	2
1175	10
1176	5
1177	7
1178	6
1179	6
1180	2
1181	2
1182	3
1183	6
1184	5
1185	2
1186	5
1187	5
1188	4
1190	9
1191	4
1192	4
1193	4
1194	3
1195	6
1196	8
1197	7
1198	3
1199	2
1200	7
1201	4
1202	2
1203	7
1204	6
1205	7
1206	2
1207	2
1208	4
1209	2
1210	4
1211	3
1212	5
1214	4
1215	1
1216	3
1217	5
1218	1
1219	1
1220	7
1221	3
1222	1
1223	5
1224	7
1225	5
1226	5
1227	5
1228	3
1229	4
1230	5
1231	5
1232	1
1233	2
1234	1
1235	1
1236	4
1237	6
1238	5
1239	4
1240	1
1241	2
1242	3
1244	3
1245	2
1246	3
1247	4
1248	3
1249	3
1250	7
1251	2
1252	3
1254	6
1256	3
1257	1
1258	2
1260	1
1261	2
1262	1
1264	4
1265	2
1266	4
1267	4
1270	3
1271	1
1272	2
1273	1
1274	4
1275	1
1276	1
1277	2
1278	4
1279	1
1280	1
1281	1

