## htsjdk.samtools.metrics.StringHeader
# picard.analysis.CollectInsertSizeMetrics HISTOGRAM_FILE=alignment_metrics/lice79_insert_size_histogram.pdf INPUT=lice79.sorted.bam OUTPUT=alignment_metrics/lice79_insert_metrics.txt    DEVIATIONS=10.0 MINIMUM_PCT=0.05 METRIC_ACCUMULATION_LEVEL=[ALL_READS] INCLUDE_DUPLICATES=false ASSUME_SORTED=true STOP_AFTER=0 VERBOSITY=INFO QUIET=false VALIDATION_STRINGENCY=STRICT COMPRESSION_LEVEL=5 MAX_RECORDS_IN_RAM=500000 CREATE_INDEX=false CREATE_MD5_FILE=false GA4GH_CLIENT_SECRETS=client_secrets.json
## htsjdk.samtools.metrics.StringHeader
# Started on: Fri Sep 29 01:18:04 PDT 2017

## METRICS CLASS	picard.analysis.InsertSizeMetrics
MEDIAN_INSERT_SIZE	MEDIAN_ABSOLUTE_DEVIATION	MIN_INSERT_SIZE	MAX_INSERT_SIZE	MEAN_INSERT_SIZE	STANDARD_DEVIATION	READ_PAIRS	PAIR_ORIENTATION	WIDTH_OF_10_PERCENT	WIDTH_OF_20_PERCENT	WIDTH_OF_30_PERCENT	WIDTH_OF_40_PERCENT	WIDTH_OF_50_PERCENT	WIDTH_OF_60_PERCENT	WIDTH_OF_70_PERCENT	WIDTH_OF_80_PERCENT	WIDTH_OF_90_PERCENT	WIDTH_OF_99_PERCENT	SAMPLE	LIBRARY	READ_GROUP
206	72	2	1981618	228.377487	119.656484	7751427	FR	29	57	85	113	145	177	217	273	375	803			

## HISTOGRAM	java.lang.Integer
insert_size	All_Reads.fr_count
2	217
3	776
4	3551
5	490
6	42
7	68
8	62
9	126
10	70
11	73
12	69
13	80
14	109
15	92
16	108
17	122
18	116
19	14154
20	15002
21	9298
22	9816
23	6712
24	6212
25	8335
26	6011
27	5916
28	4940
29	4576
30	3897
31	3669
32	8064
33	6641
34	6223
35	5363
36	2788
37	4872
38	5323
39	3008
40	2552
41	3270
42	5176
43	3517
44	6120
45	2998
46	3119
47	3350
48	3441
49	3741
50	3712
51	3880
52	3896
53	4183
54	4290
55	4570
56	4987
57	5234
58	5519
59	5883
60	6061
61	6290
62	6316
63	6666
64	6966
65	7262
66	7699
67	8030
68	8666
69	9087
70	9362
71	9529
72	9803
73	9909
74	9907
75	10538
76	10906
77	11862
78	12185
79	12794
80	13489
81	13653
82	14227
83	13960
84	14569
85	14686
86	15049
87	15800
88	16419
89	16828
90	17446
91	17954
92	18513
93	18442
94	18546
95	18868
96	18790
97	19968
98	20520
99	21008
100	21462
101	22497
102	22346
103	22825
104	23155
105	22980
106	23256
107	23675
108	24404
109	25250
110	25302
111	25894
112	26203
113	26538
114	26882
115	26391
116	26388
117	26937
118	26911
119	28021
120	27866
121	28356
122	28566
123	28827
124	29167
125	29233
126	29050
127	28830
128	29171
129	30029
130	29876
131	30159
132	30286
133	30598
134	31559
135	30936
136	30768
137	30447
138	30686
139	31770
140	31669
141	31959
142	31934
143	31350
144	31718
145	31530
146	31743
147	31529
148	31445
149	31319
150	31748
151	31663
152	31900
153	32380
154	32182
155	32267
156	31706
157	31734
158	31658
159	31739
160	31629
161	31722
162	31923
163	32117
164	31844
165	32233
166	31889
167	31708
168	31397
169	31182
170	31024
171	31056
172	31694
173	31349
174	30905
175	31396
176	31404
177	30940
178	30857
179	30607
180	30460
181	30228
182	30263
183	30274
184	30516
185	30817
186	30724
187	30061
188	29872
189	30068
190	29700
191	29636
192	29467
193	29487
194	29878
195	29530
196	29330
197	29242
198	28770
199	28768
200	28520
201	28313
202	28525
203	28423
204	28138
205	28251
206	27870
207	27716
208	27844
209	27671
210	27349
211	26950
212	27344
213	27339
214	26984
215	26613
216	26693
217	26517
218	26378
219	26238
220	25771
221	26012
222	25904
223	25927
224	25897
225	25189
226	25632
227	25501
228	25241
229	25295
230	24910
231	24656
232	24781
233	24440
234	24420
235	23880
236	24334
237	24166
238	23689
239	23547
240	23697
241	23302
242	23311
243	23025
244	22941
245	22673
246	22509
247	22628
248	22401
249	22347
250	22148
251	22248
252	21820
253	21698
254	21651
255	21338
256	21296
257	21231
258	21051
259	20888
260	21051
261	21037
262	20514
263	20408
264	20198
265	20358
266	19902
267	19752
268	19673
269	19977
270	19702
271	19178
272	19310
273	19258
274	19043
275	18820
276	18495
277	18712
278	18532
279	18529
280	18148
281	18115
282	17976
283	17850
284	18015
285	17679
286	17414
287	17345
288	17566
289	16927
290	16951
291	16963
292	16740
293	16636
294	16454
295	16667
296	16249
297	16269
298	16167
299	16072
300	16118
301	15944
302	15722
303	15803
304	15465
305	15147
306	15122
307	15479
308	15189
309	14958
310	14860
311	14850
312	14535
313	14301
314	14320
315	14281
316	14118
317	14107
318	13939
319	13833
320	13714
321	13635
322	13519
323	13423
324	13404
325	13281
326	13053
327	13047
328	12813
329	12913
330	12897
331	12807
332	12382
333	12128
334	12111
335	12241
336	12295
337	11915
338	11919
339	11881
340	11945
341	11719
342	11701
343	11577
344	11561
345	11426
346	11251
347	11138
348	11036
349	11033
350	10681
351	10510
352	10671
353	10565
354	10488
355	10489
356	10423
357	10667
358	10076
359	10047
360	9888
361	10002
362	9904
363	9982
364	9562
365	9735
366	9290
367	9519
368	9460
369	9365
370	9202
371	9116
372	9025
373	8967
374	9153
375	8809
376	8581
377	8699
378	8670
379	8419
380	8476
381	8622
382	8182
383	8099
384	8135
385	7988
386	8090
387	7945
388	7816
389	7915
390	7836
391	7737
392	7486
393	7484
394	7513
395	7482
396	7461
397	7074
398	7224
399	7279
400	7203
401	7001
402	7075
403	6796
404	6744
405	6722
406	6520
407	6759
408	6632
409	6492
410	6352
411	6437
412	6389
413	6300
414	6118
415	6245
416	6023
417	6169
418	5990
419	5873
420	5860
421	5856
422	5571
423	5776
424	5562
425	5588
426	5459
427	5351
428	5476
429	5281
430	5316
431	5327
432	5182
433	5227
434	5057
435	5154
436	5033
437	4975
438	4945
439	4982
440	4878
441	4569
442	4739
443	4674
444	4584
445	4676
446	4586
447	4504
448	4553
449	4386
450	4474
451	4159
452	4079
453	4245
454	4291
455	4210
456	4095
457	4055
458	4109
459	3995
460	3992
461	4064
462	3808
463	3936
464	3669
465	3652
466	3754
467	3744
468	3693
469	3719
470	3563
471	3412
472	3402
473	3472
474	3470
475	3416
476	3407
477	3293
478	3310
479	3307
480	3265
481	3223
482	3248
483	3184
484	3111
485	3210
486	3060
487	3034
488	2980
489	2984
490	3040
491	2924
492	3055
493	2898
494	2916
495	2852
496	2815
497	2680
498	2701
499	2617
500	2643
501	2615
502	2583
503	2562
504	2470
505	2538
506	2480
507	2435
508	2487
509	2468
510	2341
511	2345
512	2308
513	2322
514	2293
515	2329
516	2226
517	2241
518	2222
519	2177
520	2170
521	2117
522	2055
523	2073
524	2083
525	1930
526	2046
527	2031
528	1933
529	2003
530	1964
531	2015
532	1835
533	1973
534	1828
535	1912
536	1840
537	1869
538	1745
539	1793
540	1720
541	1790
542	1706
543	1703
544	1633
545	1694
546	1712
547	1697
548	1528
549	1592
550	1550
551	1525
552	1556
553	1550
554	1530
555	1528
556	1537
557	1499
558	1388
559	1405
560	1439
561	1428
562	1382
563	1429
564	1320
565	1373
566	1384
567	1380
568	1341
569	1276
570	1318
571	1307
572	1284
573	1269
574	1172
575	1212
576	1235
577	1177
578	1240
579	1192
580	1187
581	1140
582	1196
583	1058
584	1032
585	1099
586	1001
587	988
588	1161
589	1033
590	1080
591	1013
592	1054
593	1020
594	1000
595	962
596	986
597	911
598	966
599	947
600	954
601	897
602	923
603	878
604	847
605	856
606	806
607	848
608	871
609	909
610	776
611	851
612	839
613	800
614	854
615	813
616	807
617	732
618	736
619	740
620	768
621	734
622	728
623	698
624	728
625	697
626	741
627	672
628	663
629	607
630	710
631	624
632	642
633	637
634	637
635	607
636	601
637	598
638	585
639	595
640	602
641	588
642	544
643	542
644	524
645	588
646	542
647	564
648	573
649	519
650	526
651	547
652	515
653	532
654	488
655	477
656	483
657	520
658	485
659	437
660	466
661	435
662	493
663	455
664	443
665	438
666	457
667	417
668	450
669	434
670	453
671	381
672	392
673	379
674	399
675	381
676	382
677	393
678	424
679	385
680	359
681	375
682	331
683	357
684	351
685	346
686	352
687	359
688	351
689	349
690	319
691	307
692	345
693	348
694	318
695	332
696	345
697	318
698	268
699	276
700	304
701	327
702	277
703	280
704	263
705	290
706	278
707	294
708	313
709	251
710	285
711	293
712	243
713	270
714	254
715	269
716	247
717	231
718	228
719	251
720	244
721	233
722	269
723	246
724	259
725	226
726	248
727	235
728	225
729	230
730	241
731	269
732	220
733	255
734	215
735	178
736	195
737	197
738	162
739	172
740	178
741	158
742	144
743	130
744	166
745	137
746	152
747	137
748	162
749	147
750	149
751	145
752	144
753	136
754	153
755	129
756	140
757	129
758	141
759	136
760	142
761	111
762	136
763	153
764	111
765	111
766	103
767	104
768	121
769	121
770	113
771	115
772	106
773	105
774	109
775	106
776	114
777	89
778	91
779	107
780	89
781	94
782	104
783	106
784	111
785	95
786	106
787	98
788	66
789	102
790	100
791	76
792	82
793	85
794	85
795	97
796	86
797	94
798	93
799	78
800	71
801	71
802	66
803	71
804	92
805	91
806	79
807	72
808	60
809	77
810	81
811	64
812	90
813	66
814	85
815	51
816	79
817	60
818	68
819	67
820	51
821	73
822	78
823	55
824	60
825	58
826	60
827	58
828	63
829	64
830	60
831	68
832	52
833	68
834	58
835	47
836	35
837	49
838	45
839	62
840	53
841	43
842	47
843	46
844	40
845	44
846	44
847	43
848	52
849	46
850	44
851	47
852	37
853	35
854	41
855	35
856	42
857	39
858	42
859	35
860	39
861	34
862	45
863	31
864	37
865	44
866	43
867	28
868	31
869	20
870	50
871	38
872	26
873	44
874	37
875	38
876	38
877	45
878	35
879	37
880	32
881	25
882	36
883	34
884	22
885	35
886	34
887	43
888	34
889	22
890	23
891	32
892	29
893	27
894	24
895	26
896	14
897	34
898	27
899	20
900	28
901	23
902	26
903	24
904	20
905	25
906	23
907	30
908	21
909	13
910	16
911	21
912	31
913	23
914	27
915	22
916	24
917	21
918	32
919	23
920	21
921	18
922	13
923	20
924	18
925	8
926	15

